Const: 0.1
Energy: 12.316413950381
Acceptance: 0.99952507019043
var: 1.5067632802094e-07
std: 0.00038817048834364
Parameters: 0.035500804414559  0.45649007531941
Derivative: -0.13825593454231  0.46355629939217

