Const: 0.1
Energy: 0.44066438531265
Acceptance: 0.99985885620117
var: 3.2984156817763e-08
std: 0.00018161540908679
Parameters: 0.042263421995397   0.9663447597547
Derivative: -0.06424953766882 0.038514440028643

