Const: 0.1
Energy: 3.5650522063022
Acceptance: 0.99934101104736
var: 2.2100611632992e-08
std: 0.00014866274460332
Parameters: 0.055057781113507  0.37006392563312
Derivative: -0.18919928785972 0.091559733656879

