Const: 0.1
Energy: 30.048010054268
Acceptance: 0.99975776672363
var: 6.8277750737629e-07
std: 0.00082630352012822
Parameters: 0.021019963231193  0.45444322366398
Derivative: -5.3127680477289 -3.8063716433135

