Const: 0.28
Energy: 25.594802347157
Acceptance: 0.99974727630615
var: 1.0657022179636e-06
std: 0.0010323285416783
Parameters: 0.14858923471865  0.7803416903364
Derivative: -0.18470362298939  0.41549885816539

