Const: 0.28
Energy: 1.0020341243022
Acceptance: 0.99989604949951
var: 4.4161880536262e-08
std: 0.00021014728296188
Parameters: 0.33530911938694 0.75583512334625
Derivative: -0.057423457782788  0.061980412180701

