Const: 0.28
Energy: 7.6197743490489
Acceptance: 0.99909496307373
var: 1.1962142161757e-07
std: 0.0003458632990324
Parameters: 0.21088996962916  0.5709541238307
Derivative:  -0.59746396847261 -0.072390177697059

