Const: 0.28
Energy: 61.809011762658
Acceptance: 0.99998378753662
var: 6.3073019833132e-05
std: 0.0079418524182417
Parameters: 0.11651735986519 0.93532295696491
Derivative:   5.854861302418 -1.3773449787695

